10 2 0
10 2 0.
10 2 .0
10 2 0.5
10 2 -0.5
10 2 0.333333333333333333333333333333333333333333333333
2 10 11000000000000110111011010000000000000000000000000000000000000000000000000000000000000000000000000000000000000000000000000000000
10 2 -23.40625
10 2 100000
10 2 40000.525
10 2 -5
2 10 00000000000000000000000000000000000000000000000000000000000000000000000000000000000000000000000000000000000000000000000000000000
2 10 00000000000000000000000000000000000000000000000000000000000000000000000000000000000000000000000000001000000000000000000010000000
2 10 01111111111111110000000000000000000000000000000000000000000000000000000000000000000000000000000000000000000000000000000000000000
2 10 01111111111111110000000000000000000000000000000000000000000000000000000000000000110000000010000000000000000000000000000000000000
