00000000000000000000000000000000000000000000000000000000000000000000000000000000000000000000000000000000000000000000000000000000
00000000000000000000000000000000000000000000000000000000000000000000000000000000000000000000000000000000000000000000000000000000
00000000000000000000000000000000000000000000000000000000000000000000000000000000000000000000000000000000000000000000000000000000
00111111111111100000000000000000000000000000000000000000000000000000000000000000000000000000000000000000000000000000000000000000
10111111111111100000000000000000000000000000000000000000000000000000000000000000000000000000000000000000000000000000000000000000
00111111111111010101010101010101010101010101010101010101010101010101010101010101010101010101010101010101010101010101010101010101
-23.40625
11000000000000110111011010000000000000000000000000000000000000000000000000000000000000000000000000000000000000000000000000000000
01000000000011111000011010100000000000000000000000000000000000000000000000000000000000000000000000000000000000000000000000000000
01000000000011100011100010000001000011001100110011001100110011001100110011001100110011001100110011001100110011001100110011001100
11000000000000010100000000000000000000000000000000000000000000000000000000000000000000000000000000000000000000000000000000000000
0
Denormalised Number
INF
NaN
