2 1111100011101010111 + 01101110110111 
2 11111111000000011101010 - 1010101111101010101
2 11011011 * 010101111 
2 10 01101010111110111111 
10 2 8793278316383117319
16 85AF + 90BC 
10 5678 >> 2 
10 16 18521779742199395325290298787954554
10 2 2112011111210112992101111219
2 16 11010101001111011101000001000101110101100010011110101100101110111000101101011
2 10 1111111111111111111111111111111111111111111111111111111111111111111111111111111111111111111111111111111111111111111111111111111
16 10 AB23
16 2 1999
10 4567894561458456797451254589 & 123546532532659988654651546846598646565 
10 646218756432165846789215 | 8886546598665565468732648654
10 542154852348549899874564546 ^ 4654218654211856465248656548
2 ~ 1001