1111110001100001110
11110100010000110010101
1001010110110101
438207
111101000001000000000000000101000111011001010010010000000000111
1166B
1419
39131BA18B98988707057D7CEFF7A
1101101001100000011101111111100000100011110110100000111110110010110000111011001010110110011
1AA7BA08BAC4F597716B
170141183460469231731687303715884105727
43811
1100110011001
2630926000157677774654524197
8886586878736292302623042783
4576487336532465744702170470
11111111111111111111111111111111111111111111111111111111111111111111111111111111111111111111111111111111111111111111111111110110
